Starting Dynare (version 4.5.6).
Starting preprocessing of the model file ...
Found 13 equation(s).
Evaluating expressions...done
Computing static model derivatives:
 - order 1
Computing dynamic model derivatives:
 - order 1
Processing outputs ...
done
Preprocessing completed.

STEADY-STATE RESULTS:

k    		 1.72915
q    		 19.7986
b    		 33.3726
z    		 0
kbar 		 2
s    		 0
dp   		 0.482892
yg   		 0.804368
y    		 2.53352
c    		 2.50326
i    		 0.0302601
cg   		 1.63868
cons 		 0.02781

EIGENVALUES:
         Modulus             Real        Imaginary

       1.727e-16        1.727e-16                0
            0.92             0.92                0
            0.92             0.92                0
           0.925           0.8811           0.2818
           0.925           0.8811          -0.2818
           1.025            1.025                0
       2.585e+16       -2.585e+16                0


There are 2 eigenvalue(s) larger than 1 in modulus 
for 2 forward-looking variable(s)

The rank condition is verified.


STEADY-STATE RESULTS:

k    		 1.72915
q    		 19.7986
b    		 33.3726
z    		 0
kbar 		 2
s    		 0
dp   		 0.482892
yg   		 0.804368
y    		 2.53352
c    		 2.50326
i    		 0.0302601
cg   		 1.63868
cons 		 0.02781

EIGENVALUES:
         Modulus             Real        Imaginary

       1.727e-16        1.727e-16                0
            0.92             0.92                0
            0.92             0.92                0
           0.925           0.8811           0.2818
           0.925           0.8811          -0.2818
           1.025            1.025                0
       2.585e+16       -2.585e+16                0


There are 2 eigenvalue(s) larger than 1 in modulus 
for 2 forward-looking variable(s)

The rank condition is verified.


MODEL SUMMARY

  Number of variables:         13
  Number of stochastic shocks: 2
  Number of state variables:   5
  Number of jumpers:           2
  Number of static variables:  7


MATRIX OF COVARIANCE OF EXOGENOUS SHOCKS
Variables          ez        es
ez           0.010000  0.000000
es           0.000000  0.000100

POLICY AND TRANSITION FUNCTIONS
                                   k               b               q               z               s               i               y               c              dp            cons
Constant                    1.729150       33.372586       19.798583               0               0        0.030260        2.533518        2.503258        0.482892        0.027810
k(-1)                      45.451976      941.836406      695.624199               0               0       62.250267        0.505035      -61.745231       67.529295     1222.636856
b(-1)                      -2.109333      -43.689874      -32.886494               0               0       -2.953066               0        2.953066       -3.133896      -57.890666
kbar(-1)                           0               0               0               0               0               0        0.494965        0.494965               0               0
s(-1)                     606.742109    12831.370201     9616.254932               0        0.920000      849.438953               0     -849.438953      901.454032    16627.942910
z(-1)                      15.972991      337.809358      253.115661        0.920000               0       22.362187        2.330836      -20.031350       24.140247      437.674832
ez                         17.361946      367.184085      275.125719        1.000000               0       24.306725        2.533518      -21.773207       26.239399      475.733514
es                        659.502292    13947.141523    10452.451013               0        1.000000      923.303209               0     -923.303209      979.841339    18073.850989


MOMENTS OF SIMULATED VARIABLES
VARIABLE              MEAN       STD. DEV.        VARIANCE        SKEWNESS        KURTOSIS
k                -4.204475       37.988412     1443.119419        0.282630       -0.356860
b               -95.474569      804.816158   647729.047732        0.281527       -0.354836
q                -1.375840      221.721847    49160.577338        0.278470       -0.202379
z                -0.073943        0.221643        0.049126        0.330998       -0.717458
s                -0.010781        0.020326        0.000413        0.046277       -0.689399
i                -0.469450       19.395184      376.173173        0.186862       -0.714602
y                -0.505895       19.291397      372.157981        0.278008       -0.446406
c                -0.036445       29.570209      874.397246        0.122165       -0.793900
dp               -8.365713       56.433912     3184.786445        0.282735       -0.357898
cons            -22.468485      375.242725   140807.102777        0.254383       -0.431383


CORRELATION OF SIMULATED VARIABLES
VARIABLE         k       b       q       z       s       i       y       c      dp    cons
k           1.0000  1.0000  0.5841 -0.0674  0.6140  0.1964  0.9330  0.4799  1.0000  0.4179
b           1.0000  1.0000  0.5801 -0.0689  0.6158  0.1915  0.9348  0.4843  1.0000  0.4133
q           0.5841  0.5801  1.0000 -0.0012  0.5697  0.9105  0.2538 -0.4316  0.5842  0.9814
z          -0.0674 -0.0689 -0.0012  1.0000 -0.4782  0.0361 -0.0520 -0.0576 -0.0657  0.0177
s           0.6140  0.6158  0.5697 -0.4782  1.0000  0.3675  0.4695  0.0652  0.6132  0.4847
i           0.1964  0.1915  0.9105  0.0361  0.3675  1.0000 -0.1685 -0.7658  0.1964  0.9729
y           0.9330  0.9348  0.2538 -0.0520  0.4695 -0.1685  1.0000  0.7629  0.9330  0.0641
c           0.4799  0.4843 -0.4316 -0.0576  0.0652 -0.7658  0.7629  1.0000  0.4799 -0.5963
dp          1.0000  1.0000  0.5842 -0.0657  0.6132  0.1964  0.9330  0.4799  1.0000  0.4180
cons        0.4179  0.4133  0.9814  0.0177  0.4847  0.9729  0.0641 -0.5963  0.4180  1.0000


AUTOCORRELATION OF SIMULATED VARIABLES
VARIABLE         1       2       3       4       5
k           0.9232  0.7422  0.4846  0.1842 -0.1281
b           0.9234  0.7428  0.4856  0.1856 -0.1265
q           0.8352  0.5845  0.3055  0.0174 -0.2558
z           0.8844  0.7703  0.6742  0.5858  0.5181
s           0.8711  0.7421  0.6472  0.5527  0.4487
i           0.8169  0.5494  0.2608 -0.0343 -0.3053
y           0.9243  0.7430  0.4824  0.1717 -0.1522
c           0.8607  0.6276  0.3465  0.0325 -0.2693
dp          0.9232  0.7421  0.4843  0.1838 -0.1287
cons        0.8239  0.5629  0.2785 -0.0123 -0.2831



VARIANCE DECOMPOSITION SIMULATING ONE SHOCK AT A TIME (in percent)
                      ez                es  Tot. lin. contr.
k                   7.37            107.05            114.42
b                   7.37            107.12            114.49
q                   5.69            100.93            106.62
z                 101.01              0.00            101.01
s                   0.00            101.01            101.01
i                   5.19             98.55            103.74
y                   8.18            106.62            114.80
c                   6.19            100.99            107.18
dp                  7.42            107.07            114.50
cons                5.40             99.59            104.98
Note: numbers do not add up to 100 due to non-zero correlation of simulated shocks in small samples

Total computing time : 0h00m02s
