Starting Dynare (version 4.5.6).
Starting preprocessing of the model file ...
Found 13 equation(s).
Evaluating expressions...done
Computing static model derivatives:
 - order 1
Computing dynamic model derivatives:
 - order 1
Processing outputs ...
done
Preprocessing completed.

STEADY-STATE RESULTS:

k    		 1.44018
q    		 45.0282
b    		 64.1544
z    		 0
kbar 		 2
s    		 0
dp   		 0.445824
yg   		 0.840264
y    		 2.20843
c    		 2.2019
i    		 0.00653479
cg   		 1.48181
cons 		 0.0525591

EIGENVALUES:
         Modulus             Real        Imaginary

       1.566e-16        1.566e-16                0
          0.8898           0.8598           0.2291
          0.8898           0.8598          -0.2291
            0.92             0.92                0
            0.92             0.92                0
            1.01             1.01                0
       1.953e+16        1.953e+16                0


There are 2 eigenvalue(s) larger than 1 in modulus 
for 2 forward-looking variable(s)

The rank condition is verified.


STEADY-STATE RESULTS:

k    		 1.44018
q    		 45.0282
b    		 64.1544
z    		 0
kbar 		 2
s    		 0
dp   		 0.445824
yg   		 0.840264
y    		 2.20843
c    		 2.2019
i    		 0.00653479
cg   		 1.48181
cons 		 0.0525591

EIGENVALUES:
         Modulus             Real        Imaginary

       1.566e-16        1.566e-16                0
          0.8898           0.8598           0.2291
          0.8898           0.8598          -0.2291
            0.92             0.92                0
            0.92             0.92                0
            1.01             1.01                0
       1.953e+16        1.953e+16                0


There are 2 eigenvalue(s) larger than 1 in modulus 
for 2 forward-looking variable(s)

The rank condition is verified.


MODEL SUMMARY

  Number of variables:         13
  Number of stochastic shocks: 2
  Number of state variables:   5
  Number of jumpers:           2
  Number of static variables:  7


MATRIX OF COVARIANCE OF EXOGENOUS SHOCKS
Variables          ez        es
ez           0.250000  0.000000
es           0.000000  0.000000

POLICY AND TRANSITION FUNCTIONS
                                   k               b               q               z               s               i               y               c              dp            cons
Constant                    1.440175       64.154396       45.028207               0               0        0.006535        2.208430        2.201895        0.445824        0.052559
k(-1)                     219.510333    10079.044495     1657.586024               0               0      240.365903        0.499718     -239.866185      122.366915     2432.242177
b(-1)                      -4.743315     -217.790636      -35.946531               0               0       -5.217647               0        5.217647       -2.644180      -52.779296
kbar(-1)                           0               0               0               0               0               0        0.450282        0.450282               0               0
s(-1)                    3051.141909   140684.684947    23573.752938               0        0.920000     3356.256100               0    -3356.256100     1700.871294    33950.329892
z(-1)                      31.373902     1446.625618      242.373415        0.920000               0       34.511292        2.031756      -32.479536       17.866853      349.060135
ez                         34.102067     1572.419150      263.449364        1.000000               0       37.512274        2.208430      -35.303844       19.420492      379.413190
es                       3316.458597   152918.135812    25623.644498               0        1.000000     3648.104456               0    -3648.104456     1848.773145    36902.532491


MOMENTS OF SIMULATED VARIABLES
VARIABLE               MEAN        STD. DEV.         VARIANCE         SKEWNESS         KURTOSIS
k                -26.791671        85.466019      7304.440320        -0.450587        -1.106632
b              -1241.931027      3942.350609  15542128.323054        -0.449966        -1.106428
q                  5.796010       232.921028     54252.205113        -0.502558        -0.280561
z                 -0.725970         0.954247         0.910587        -0.020339        -0.187001
s                 -0.000000         0.000000         0.000000        -0.179364        -0.690718
i                  1.836833        29.201184       852.709119        -0.303986        -0.289730
y                -14.396148        43.688254      1908.663506        -0.420658        -1.116185
c                -16.232981        54.753723      2997.970145        -0.315968        -1.060970
dp               -15.589894        47.935417      2297.804218        -0.447766        -1.103624
cons              -5.783065       295.384682     87252.110209        -0.426463        -0.105062


CORRELATION OF SIMULATED VARIABLES
VARIABLE         k       b       q       z       s       i       y       c      dp    cons
k           1.0000  1.0000  0.7401  0.7443  0.2886  0.1959  0.9578  0.6597  1.0000  0.4174
b           1.0000  1.0000  0.7397  0.7448  0.2897  0.1953  0.9580  0.6603  1.0000  0.4168
q           0.7401  0.7397  1.0000  0.7408 -0.1476  0.8043  0.5170 -0.0164  0.7417  0.9199
z           0.7443  0.7448  0.7408  1.0000  0.5428  0.4116  0.6534  0.3018  0.7480  0.5569
s           0.2886  0.2897 -0.1476  0.5428  1.0000 -0.4845  0.4572  0.6232  0.2912 -0.3810
i           0.1959  0.1953  0.8043  0.4116 -0.4845  1.0000 -0.0927 -0.6073  0.1981  0.9729
y           0.9578  0.9580  0.5170  0.6534  0.4572 -0.0927  1.0000  0.8474  0.9573  0.1400
c           0.6597  0.6603 -0.0164  0.3018  0.6232 -0.6073  0.8474  1.0000  0.6582 -0.4072
dp          1.0000  1.0000  0.7417  0.7480  0.2912  0.1981  0.9573  0.6582  1.0000  0.4194
cons        0.4174  0.4168  0.9199  0.5569 -0.3810  0.9729  0.1400 -0.4072  0.4194  1.0000


AUTOCORRELATION OF SIMULATED VARIABLES
VARIABLE         1       2       3       4       5
k           0.9410  0.8153  0.6497  0.4761  0.3075
b           0.9411  0.8155  0.6499  0.4764  0.3079
q           0.7952  0.5508  0.2990  0.1478  0.0046
z           0.8463  0.6983  0.5536  0.4893  0.4159
s           0.9735  0.9204  0.8358  0.7264  0.6002
i           0.7115  0.4000  0.1016 -0.0382 -0.1763
y           0.9441  0.8240  0.6646  0.4939  0.3240
c           0.8541  0.6612  0.4513  0.2925  0.1285
dp          0.9408  0.8153  0.6499  0.4769  0.3088
cons        0.7251  0.4238  0.1316 -0.0103 -0.1473



VARIANCE DECOMPOSITION SIMULATING ONE SHOCK AT A TIME (in percent)
                      ez                es  Tot. lin. contr.
k                 101.01              0.00            101.01
b                 101.01              0.00            101.01
q                 101.01              0.00            101.01
z                 101.01              0.00            101.01
s                 101.01              0.00            101.01
i                 101.01              0.00            101.01
y                 101.01              0.00            101.01
c                 101.01              0.00            101.01
dp                101.01              0.00            101.01
cons              101.01              0.00            101.01
Note: numbers do not add up to 100 due to non-zero correlation of simulated shocks in small samples

Total computing time : 0h00m01s
