Starting Dynare (version 4.5.4).
Starting preprocessing of the model file ...
Found 10 equation(s).
Evaluating expressions...done
Computing static model derivatives:
 - order 1
Computing dynamic model derivatives:
 - order 1
Processing outputs ...
done
Preprocessing completed.

STEADY-STATE RESULTS:

C        		 0.955695
K        		 2.16464
LK       		 0.101039
LX       		 0.511992
X        		 0.669203
L        		 0.613031
I        		 0.108232
LOGTHETX 		 0
LOGTHETK 		 0
LOGSENT  		 0

EIGENVALUES:
         Modulus             Real        Imaginary

               0                0                0
               0               -0                0
               0               -0                0
           0.612            0.612                0
           1.667            1.667                0
             Inf              Inf                0
             Inf             -Inf                0
             Inf              Inf                0


There are 4 eigenvalue(s) larger than 1 in modulus 
for 4 forward-looking variable(s)

The rank condition is verified.


MODEL SUMMARY

  Number of variables:         10
  Number of stochastic shocks: 3
  Number of state variables:   4
  Number of jumpers:           4
  Number of static variables:  4


MATRIX OF COVARIANCE OF EXOGENOUS SHOCKS
Variables       eps_X     eps_K     eps_S
eps_X        1.000000  0.000000  0.000000
eps_K        0.000000  0.000000  0.000000
eps_S        0.000000  0.000000  1.000000

POLICY AND TRANSITION FUNCTIONS
                             LOGSENT        LOGTHETX               C               I               L               X              LK              LX               K
Constant                           0               0        0.955695        0.108232        0.613031        0.669203        0.101039        0.511992        2.164637
K(-1)                              0               0        0.108695       -0.338044       -0.279368        0.036052       -0.325339        0.045972        0.611956
eps_X                              0        1.000000        0.720410               0       -0.099512        0.591162               0       -0.099512               0
eps_K                              0               0               0        2.254249        2.169526               0        2.169526               0        2.254249
eps_S                      -1.000000               0        1.387941        2.098706        2.472113        0.354697        2.019829        0.452285        2.098706


THEORETICAL MOMENTS
VARIABLE         MEAN  STD. DEV.   VARIANCE
LOGSENT        0.0000     1.0000     1.0000
LOGTHETX       0.0000     1.0000     1.0000
C              0.9557     1.5901     2.5286
I              0.1082     2.2824     5.2092
L              0.6130     2.5828     6.6708
X              0.6692     0.6960     0.4844
LK             0.1010     2.1966     4.8250
LX             0.5120     0.4789     0.2293
K              2.1646     2.6536     7.0416



VARIANCE DECOMPOSITION (in percent)
             eps_X   eps_K   eps_S
LOGSENT       0.00    0.00  100.00
LOGTHETX    100.00    0.00    0.00
C            20.53    0.00   79.47
I             0.00    0.00  100.00
L             0.15    0.00   99.85
X            72.14    0.00   27.86
LK            0.00    0.00  100.00
LX            4.32    0.00   95.68
K             0.00    0.00  100.00



MATRIX OF CORRELATIONS
Variables     LOGSENT  LOGTHETX         C         I         L         X        LK        LX         K
LOGSENT        1.0000    0.0000   -0.8728   -0.9195   -0.9571   -0.5096   -0.9195   -0.9444   -0.7909
LOGTHETX       0.0000    1.0000    0.4530    0.0000   -0.0385    0.8494    0.0000   -0.2078    0.0000
C             -0.8728    0.4530    1.0000    0.7313    0.7659    0.8545    0.7313    0.7764    0.8013
I             -0.9195    0.0000    0.7313    1.0000    0.9929    0.4146    1.0000    0.7683    0.4867
L             -0.9571   -0.0385    0.7659    0.9929    1.0000    0.4156    0.9929    0.8388    0.5814
X             -0.5096    0.8494    0.8545    0.4146    0.4156    1.0000    0.4146    0.3398    0.4872
LK            -0.9195    0.0000    0.7313    1.0000    0.9929    0.4146    1.0000    0.7683    0.4867
LX            -0.9444   -0.2078    0.7764    0.7683    0.8388    0.3398    0.7683    1.0000    0.9028
K             -0.7909    0.0000    0.8013    0.4867    0.5814    0.4872    0.4867    0.9028    1.0000



COEFFICIENTS OF AUTOCORRELATION
Order            1       2       3       4       5
LOGSENT     0.0000  0.0000  0.0000  0.0000  0.0000
LOGTHETX    0.0000  0.0000  0.0000  0.0000  0.0000
C           0.1453  0.0889  0.0544  0.0333  0.0204
I          -0.1913 -0.1171 -0.0716 -0.0438 -0.0268
L          -0.1669 -0.1021 -0.0625 -0.0382 -0.0234
X           0.0670  0.0410  0.0251  0.0153  0.0094
LK         -0.1913 -0.1171 -0.0716 -0.0438 -0.0268
LX          0.2300  0.1407  0.0861  0.0527  0.0323
K           0.6120  0.3745  0.2292  0.1402  0.0858
Total computing time : 0h00m02s
