Starting Dynare (version 4.5.4).
Starting preprocessing of the model file ...
Found 10 equation(s).
Evaluating expressions...done
Computing static model derivatives:
 - order 1
Computing dynamic model derivatives:
 - order 1
Processing outputs ...
done
Preprocessing completed.

STEADY-STATE RESULTS:

C        		 0.955695
K        		 2.16464
LK       		 0.101039
LX       		 0.511992
X        		 0.669203
L        		 0.613031
I        		 0.108232
LOGTHETX 		 0
LOGTHETK 		 0
LOGSENT  		 0

EIGENVALUES:
         Modulus             Real        Imaginary

               0               -0                0
               0                0                0
           0.612            0.612                0
            0.95             0.95                0
           1.667            1.667                0
             Inf             -Inf                0
             Inf              Inf                0
             Inf              Inf                0


There are 4 eigenvalue(s) larger than 1 in modulus 
for 4 forward-looking variable(s)

The rank condition is verified.


MODEL SUMMARY

  Number of variables:         10
  Number of stochastic shocks: 3
  Number of state variables:   4
  Number of jumpers:           4
  Number of static variables:  4


MATRIX OF COVARIANCE OF EXOGENOUS SHOCKS
Variables       eps_X     eps_K     eps_S
eps_X        1.000000  0.000000  0.000000
eps_K        0.000000  0.000000  0.000000
eps_S        0.000000  0.000000  1.000000

POLICY AND TRANSITION FUNCTIONS
                            LOGTHETX               C               I               L               X              LK              LX               K
Constant                           0        0.955695        0.108232        0.613031        0.669203        0.101039        0.511992        2.164637
K(-1)                              0        0.108695       -0.338044       -0.279368        0.036052       -0.325339        0.045972        0.611956
LOGTHETX(-1)                0.950000        0.684390        0.368901        0.260500        0.561604        0.355036       -0.094536        0.368901
eps_X                       1.000000        0.720410        0.388317        0.274211        0.591162        0.373722       -0.099512        0.388317
eps_K                              0               0        2.254249        2.169526               0        2.169526               0        2.254249
eps_S                              0               0        2.254249        2.169526               0        2.169526               0        2.254249


THEORETICAL MOMENTS
VARIABLE         MEAN  STD. DEV.   VARIANCE
LOGTHETX       0.0000     3.2026    10.2564
C              0.9557     2.6353     6.9447
I              0.1082     2.5002     6.2511
L              0.6130     2.3359     5.4563
X              0.6692     1.9981     3.9923
LK             0.1010     2.4062     5.7900
LX             0.5120     0.2362     0.0558
K              2.1646     4.1789    17.4634



VARIANCE DECOMPOSITION (in percent)
             eps_X   eps_K   eps_S
LOGTHETX    100.00    0.00    0.00
C            98.62    0.00    1.38
I             3.86    0.00   96.14
L             2.12    0.00   97.88
X            99.74    0.00    0.26
LK            3.86    0.00   96.14
LX           69.22    0.00   30.78
K            53.48    0.00   46.52



MATRIX OF CORRELATIONS
Variables    LOGTHETX         C         I         L         X        LK        LX         K
LOGTHETX       1.0000    0.9919    0.1158    0.0384    0.9985    0.1158   -0.8001    0.7108
C              0.9919    1.0000    0.0619   -0.0087    0.9974    0.0619   -0.7173    0.7625
I              0.1158    0.0619    1.0000    0.9955    0.0925    1.0000   -0.3427    0.3806
L              0.0384   -0.0087    0.9955    1.0000    0.0179    0.9955   -0.2519    0.3620
X              0.9985    0.9974    0.0925    0.0179    1.0000    0.0925   -0.7655    0.7348
LK             0.1158    0.0619    1.0000    0.9955    0.0925    1.0000   -0.3427    0.3806
LX            -0.8001   -0.7173   -0.3427   -0.2519   -0.7655   -0.3427    1.0000   -0.2980
K              0.7108    0.7625    0.3806    0.3620    0.7348    0.3806   -0.2980    1.0000



COEFFICIENTS OF AUTOCORRELATION
Order            1       2       3       4       5
LOGTHETX    0.9500  0.9025  0.8574  0.8145  0.7738
C           0.9564  0.9125  0.8692  0.8272  0.7868
I          -0.1603 -0.0981 -0.0600 -0.0367 -0.0225
L          -0.1672 -0.1031 -0.0638 -0.0398 -0.0250
X           0.9542  0.9090  0.8651  0.8228  0.7823
LK         -0.1603 -0.0981 -0.0600 -0.0367 -0.0225
LX          0.7832  0.6420  0.5475  0.4819  0.4344
K           0.8129  0.6884  0.6026  0.5411  0.4948
Total computing time : 0h00m02s
